-2.321145159943487357e-01,-1.487730771279985320e-01,-5.458294347629568527e-02,9.145961337297826149e-03,0.000000000000000000e+00,0.000000000000000000e+00,0.000000000000000000e+00,0.000000000000000000e+00,0.000000000000000000e+00,0.000000000000000000e+00,0.000000000000000000e+00,0.000000000000000000e+00,0.000000000000000000e+00,0.000000000000000000e+00,0.000000000000000000e+00,0.000000000000000000e+00
-2.281666487396927234e-01,-1.356726077012417597e-01,-6.856244144972956089e-02,0.000000000000000000e+00,-2.431409422580305818e-02,0.000000000000000000e+00,0.000000000000000000e+00,0.000000000000000000e+00,0.000000000000000000e+00,0.000000000000000000e+00,0.000000000000000000e+00,0.000000000000000000e+00,0.000000000000000000e+00,0.000000000000000000e+00,0.000000000000000000e+00,0.000000000000000000e+00
-2.265554299831108176e-01,-1.515683286739010760e-01,-4.894469484957691269e-02,0.000000000000000000e+00,0.000000000000000000e+00,9.069423514541817208e-03,0.000000000000000000e+00,0.000000000000000000e+00,0.000000000000000000e+00,0.000000000000000000e+00,0.000000000000000000e+00,0.000000000000000000e+00,0.000000000000000000e+00,0.000000000000000000e+00,0.000000000000000000e+00,0.000000000000000000e+00
-2.292201298477755944e-01,-1.426109591525750731e-01,-5.634653117901551600e-02,0.000000000000000000e+00,0.000000000000000000e+00,7.444477514864703514e-03,0.000000000000000000e+00,0.000000000000000000e+00,0.000000000000000000e+00,0.000000000000000000e+00,0.000000000000000000e+00,0.000000000000000000e+00,0.000000000000000000e+00,0.000000000000000000e+00,0.000000000000000000e+00,0.000000000000000000e+00
-2.281256782606937705e-01,-1.488463183661664635e-01,-6.034071440084663729e-02,8.172780050443936503e-03,0.000000000000000000e+00,0.000000000000000000e+00,0.000000000000000000e+00,0.000000000000000000e+00,0.000000000000000000e+00,0.000000000000000000e+00,0.000000000000000000e+00,0.000000000000000000e+00,0.000000000000000000e+00,0.000000000000000000e+00,0.000000000000000000e+00,0.000000000000000000e+00
0.000000000000000000e+00,0.000000000000000000e+00,0.000000000000000000e+00,4.207082003338221202e-03,0.000000000000000000e+00,0.000000000000000000e+00,1.891477471261102661e-01,1.713613362403622331e-01,6.338058236205640350e-02,0.000000000000000000e+00,0.000000000000000000e+00,0.000000000000000000e+00,0.000000000000000000e+00,0.000000000000000000e+00,0.000000000000000000e+00,0.000000000000000000e+00
-2.227782906980844690e-01,-1.434565484267331936e-01,-5.724652705533556096e-02,-4.916287086447959989e-03,0.000000000000000000e+00,0.000000000000000000e+00,0.000000000000000000e+00,0.000000000000000000e+00,0.000000000000000000e+00,0.000000000000000000e+00,0.000000000000000000e+00,0.000000000000000000e+00,0.000000000000000000e+00,0.000000000000000000e+00,0.000000000000000000e+00,0.000000000000000000e+00
-2.201898230370673559e-01,-1.324821144899140657e-01,-5.739327741565528745e-02,4.678022273108704485e-03,0.000000000000000000e+00,0.000000000000000000e+00,0.000000000000000000e+00,0.000000000000000000e+00,0.000000000000000000e+00,0.000000000000000000e+00,0.000000000000000000e+00,0.000000000000000000e+00,0.000000000000000000e+00,0.000000000000000000e+00,0.000000000000000000e+00,0.000000000000000000e+00
-2.187666835971973367e-01,-1.417711451674140699e-01,-5.946379291680659041e-02,0.000000000000000000e+00,5.434295883580340415e-03,0.000000000000000000e+00,0.000000000000000000e+00,0.000000000000000000e+00,0.000000000000000000e+00,0.000000000000000000e+00,0.000000000000000000e+00,0.000000000000000000e+00,0.000000000000000000e+00,0.000000000000000000e+00,0.000000000000000000e+00,0.000000000000000000e+00
-2.173873182658730419e-01,-1.455156469208282455e-01,-6.420247929958008970e-02,0.000000000000000000e+00,0.000000000000000000e+00,1.277398534151705581e-02,0.000000000000000000e+00,0.000000000000000000e+00,0.000000000000000000e+00,0.000000000000000000e+00,0.000000000000000000e+00,0.000000000000000000e+00,0.000000000000000000e+00,0.000000000000000000e+00,0.000000000000000000e+00,0.000000000000000000e+00
-2.277915164948003390e-01,-1.499024884431110483e-01,0.000000000000000000e+00,-1.342824608706219927e-04,0.000000000000000000e+00,0.000000000000000000e+00,0.000000000000000000e+00,0.000000000000000000e+00,4.764970349299036539e-02,0.000000000000000000e+00,0.000000000000000000e+00,0.000000000000000000e+00,0.000000000000000000e+00,0.000000000000000000e+00,0.000000000000000000e+00,0.000000000000000000e+00
0.000000000000000000e+00,-1.382651960215816322e-01,-7.022569282966051318e-02,1.277225638469177069e-02,0.000000000000000000e+00,0.000000000000000000e+00,0.000000000000000000e+00,1.814595862633684720e-01,0.000000000000000000e+00,0.000000000000000000e+00,0.000000000000000000e+00,0.000000000000000000e+00,0.000000000000000000e+00,0.000000000000000000e+00,0.000000000000000000e+00,0.000000000000000000e+00
-2.225174139662431660e-01,-1.349249449079356344e-01,-4.981180135750870597e-02,0.000000000000000000e+00,-3.601782037216051668e-02,0.000000000000000000e+00,0.000000000000000000e+00,0.000000000000000000e+00,0.000000000000000000e+00,0.000000000000000000e+00,0.000000000000000000e+00,0.000000000000000000e+00,0.000000000000000000e+00,0.000000000000000000e+00,0.000000000000000000e+00,0.000000000000000000e+00
-2.210088861681813177e-01,-1.459259907299585712e-01,-5.620924971794668407e-02,0.000000000000000000e+00,-9.424553338677961120e-03,0.000000000000000000e+00,0.000000000000000000e+00,0.000000000000000000e+00,0.000000000000000000e+00,0.000000000000000000e+00,0.000000000000000000e+00,0.000000000000000000e+00,0.000000000000000000e+00,0.000000000000000000e+00,0.000000000000000000e+00,0.000000000000000000e+00
-2.183658412803790305e-01,-1.375855670992192914e-01,0.000000000000000000e+00,-7.250430514438696919e-03,0.000000000000000000e+00,0.000000000000000000e+00,0.000000000000000000e+00,0.000000000000000000e+00,5.187551388180710460e-02,0.000000000000000000e+00,0.000000000000000000e+00,0.000000000000000000e+00,0.000000000000000000e+00,0.000000000000000000e+00,0.000000000000000000e+00,0.000000000000000000e+00
-2.213682727426246888e-01,0.000000000000000000e+00,0.000000000000000000e+00,-5.602273123906142786e-03,0.000000000000000000e+00,0.000000000000000000e+00,1.938771625606555415e-01,0.000000000000000000e+00,4.981181734834354280e-02,0.000000000000000000e+00,0.000000000000000000e+00,0.000000000000000000e+00,0.000000000000000000e+00,0.000000000000000000e+00,0.000000000000000000e+00,0.000000000000000000e+00
-2.126287428196852736e-01,0.000000000000000000e+00,0.000000000000000000e+00,1.276593670314581791e-02,0.000000000000000000e+00,0.000000000000000000e+00,1.961824558884955050e-01,0.000000000000000000e+00,4.695756348444953682e-02,0.000000000000000000e+00,0.000000000000000000e+00,0.000000000000000000e+00,0.000000000000000000e+00,0.000000000000000000e+00,0.000000000000000000e+00,0.000000000000000000e+00
-2.299254223289882160e-01,-1.382728680262604870e-01,-5.445883372376487952e-02,1.026315424163251958e-02,0.000000000000000000e+00,0.000000000000000000e+00,0.000000000000000000e+00,0.000000000000000000e+00,0.000000000000000000e+00,0.000000000000000000e+00,0.000000000000000000e+00,0.000000000000000000e+00,0.000000000000000000e+00,0.000000000000000000e+00,0.000000000000000000e+00,0.000000000000000000e+00
0.000000000000000000e+00,-1.346809462046016925e-01,0.000000000000000000e+00,-4.244042621729540200e-03,0.000000000000000000e+00,0.000000000000000000e+00,0.000000000000000000e+00,1.722717526169181279e-01,4.834717399002048943e-02,0.000000000000000000e+00,0.000000000000000000e+00,0.000000000000000000e+00,0.000000000000000000e+00,0.000000000000000000e+00,0.000000000000000000e+00,0.000000000000000000e+00
-2.226158598480388884e-01,-1.450714989561248114e-01,-5.103625224418161660e-02,1.196673283700661929e-02,0.000000000000000000e+00,0.000000000000000000e+00,0.000000000000000000e+00,0.000000000000000000e+00,0.000000000000000000e+00,0.000000000000000000e+00,0.000000000000000000e+00,0.000000000000000000e+00,0.000000000000000000e+00,0.000000000000000000e+00,0.000000000000000000e+00,0.000000000000000000e+00
0.000000000000000000e+00,-1.470388855457951116e-01,0.000000000000000000e+00,9.782950217087833279e-04,0.000000000000000000e+00,0.000000000000000000e+00,0.000000000000000000e+00,1.686035354161477817e-01,6.340563523013019454e-02,0.000000000000000000e+00,0.000000000000000000e+00,0.000000000000000000e+00,0.000000000000000000e+00,0.000000000000000000e+00,0.000000000000000000e+00,0.000000000000000000e+00
-2.221483112847129626e-01,0.000000000000000000e+00,-5.752514854080677947e-02,1.057201812393766469e-02,0.000000000000000000e+00,0.000000000000000000e+00,1.827237376890237797e-01,0.000000000000000000e+00,0.000000000000000000e+00,0.000000000000000000e+00,0.000000000000000000e+00,0.000000000000000000e+00,0.000000000000000000e+00,0.000000000000000000e+00,0.000000000000000000e+00,0.000000000000000000e+00
-2.218102167549684811e-01,-1.395789347745954034e-01,-6.121590732833009224e-02,2.283301925420307393e-03,0.000000000000000000e+00,0.000000000000000000e+00,0.000000000000000000e+00,0.000000000000000000e+00,0.000000000000000000e+00,0.000000000000000000e+00,0.000000000000000000e+00,0.000000000000000000e+00,0.000000000000000000e+00,0.000000000000000000e+00,0.000000000000000000e+00,0.000000000000000000e+00
0.000000000000000000e+00,0.000000000000000000e+00,-5.646132090635695711e-02,0.000000000000000000e+00,0.000000000000000000e+00,1.127595521146090678e-02,2.005307188423851306e-01,1.667890597530296837e-01,0.000000000000000000e+00,0.000000000000000000e+00,0.000000000000000000e+00,0.000000000000000000e+00,0.000000000000000000e+00,0.000000000000000000e+00,0.000000000000000000e+00,0.000000000000000000e+00
0.000000000000000000e+00,-1.400378562765983992e-01,-6.858610720556870821e-02,-7.425558857143060376e-04,0.000000000000000000e+00,0.000000000000000000e+00,0.000000000000000000e+00,1.685832747136467580e-01,0.000000000000000000e+00,0.000000000000000000e+00,0.000000000000000000e+00,0.000000000000000000e+00,0.000000000000000000e+00,0.000000000000000000e+00,0.000000000000000000e+00,0.000000000000000000e+00
0.000000000000000000e+00,-1.382210856847220226e-01,-5.174161739438627727e-02,0.000000000000000000e+00,-4.917752788084780655e-03,0.000000000000000000e+00,0.000000000000000000e+00,1.677760719732761530e-01,0.000000000000000000e+00,0.000000000000000000e+00,0.000000000000000000e+00,0.000000000000000000e+00,0.000000000000000000e+00,0.000000000000000000e+00,0.000000000000000000e+00,0.000000000000000000e+00
0.000000000000000000e+00,0.000000000000000000e+00,-6.076447922582909472e-02,2.783366677972759322e-03,0.000000000000000000e+00,0.000000000000000000e+00,1.913794763083906392e-01,1.737569724292578888e-01,0.000000000000000000e+00,0.000000000000000000e+00,0.000000000000000000e+00,0.000000000000000000e+00,0.000000000000000000e+00,0.000000000000000000e+00,0.000000000000000000e+00,0.000000000000000000e+00
-2.271042362040749385e-01,-1.396751354517186405e-01,0.000000000000000000e+00,1.059047347576602682e-02,0.000000000000000000e+00,0.000000000000000000e+00,0.000000000000000000e+00,0.000000000000000000e+00,5.892540838328301500e-02,0.000000000000000000e+00,0.000000000000000000e+00,0.000000000000000000e+00,0.000000000000000000e+00,0.000000000000000000e+00,0.000000000000000000e+00,0.000000000000000000e+00
-2.298724349221151486e-01,-1.397592361446244880e-01,0.000000000000000000e+00,9.107285005046063947e-03,0.000000000000000000e+00,0.000000000000000000e+00,0.000000000000000000e+00,0.000000000000000000e+00,5.068451087975747726e-02,0.000000000000000000e+00,0.000000000000000000e+00,0.000000000000000000e+00,0.000000000000000000e+00,0.000000000000000000e+00,0.000000000000000000e+00,0.000000000000000000e+00
0.000000000000000000e+00,-1.284081087542734423e-01,-6.456809288853337936e-02,0.000000000000000000e+00,0.000000000000000000e+00,2.077926603125551663e-02,0.000000000000000000e+00,1.732338643452611127e-01,0.000000000000000000e+00,0.000000000000000000e+00,0.000000000000000000e+00,0.000000000000000000e+00,0.000000000000000000e+00,0.000000000000000000e+00,0.000000000000000000e+00,0.000000000000000000e+00
0.000000000000000000e+00,-1.303379144774881593e-01,-5.834203734999721114e-02,0.000000000000000000e+00,0.000000000000000000e+00,1.536659911097271528e-02,0.000000000000000000e+00,1.756960126955021406e-01,0.000000000000000000e+00,0.000000000000000000e+00,0.000000000000000000e+00,0.000000000000000000e+00,0.000000000000000000e+00,0.000000000000000000e+00,0.000000000000000000e+00,0.000000000000000000e+00
-2.275081986044946436e-01,0.000000000000000000e+00,0.000000000000000000e+00,-1.367925897335839889e-04,0.000000000000000000e+00,0.000000000000000000e+00,2.032124950369594563e-01,0.000000000000000000e+00,4.421654459691379269e-02,0.000000000000000000e+00,0.000000000000000000e+00,0.000000000000000000e+00,0.000000000000000000e+00,0.000000000000000000e+00,0.000000000000000000e+00,0.000000000000000000e+00
-2.222408137886589807e-01,-1.436493673424538986e-01,0.000000000000000000e+00,4.877499811624452959e-03,0.000000000000000000e+00,0.000000000000000000e+00,0.000000000000000000e+00,0.000000000000000000e+00,5.553782154808326044e-02,0.000000000000000000e+00,0.000000000000000000e+00,0.000000000000000000e+00,0.000000000000000000e+00,0.000000000000000000e+00,0.000000000000000000e+00,0.000000000000000000e+00
-2.239435738227875394e-01,-1.463235941312238664e-01,0.000000000000000000e+00,1.046513601454331262e-02,0.000000000000000000e+00,0.000000000000000000e+00,0.000000000000000000e+00,0.000000000000000000e+00,4.385587514295546940e-02,0.000000000000000000e+00,0.000000000000000000e+00,0.000000000000000000e+00,0.000000000000000000e+00,0.000000000000000000e+00,0.000000000000000000e+00,0.000000000000000000e+00
-2.315974834619566880e-01,-1.425655658482561650e-01,-6.165874229375023496e-02,0.000000000000000000e+00,0.000000000000000000e+00,8.848722616869832830e-03,0.000000000000000000e+00,0.000000000000000000e+00,0.000000000000000000e+00,0.000000000000000000e+00,0.000000000000000000e+00,0.000000000000000000e+00,0.000000000000000000e+00,0.000000000000000000e+00,0.000000000000000000e+00,0.000000000000000000e+00
-2.208183304614431131e-01,-1.357855094949063646e-01,-6.879895648174244593e-02,0.000000000000000000e+00,0.000000000000000000e+00,2.081736823745351447e-02,0.000000000000000000e+00,0.000000000000000000e+00,0.000000000000000000e+00,0.000000000000000000e+00,0.000000000000000000e+00,0.000000000000000000e+00,0.000000000000000000e+00,0.000000000000000000e+00,0.000000000000000000e+00,0.000000000000000000e+00
-2.202983332593118904e-01,-1.436277820011291617e-01,0.000000000000000000e+00,6.752974734477824176e-03,0.000000000000000000e+00,0.000000000000000000e+00,0.000000000000000000e+00,0.000000000000000000e+00,6.022645628977297411e-02,0.000000000000000000e+00,0.000000000000000000e+00,0.000000000000000000e+00,0.000000000000000000e+00,0.000000000000000000e+00,0.000000000000000000e+00,0.000000000000000000e+00
-2.277205671597564152e-01,-1.355869260264921106e-01,-6.369141298170082066e-02,7.014759505956371169e-03,0.000000000000000000e+00,0.000000000000000000e+00,0.000000000000000000e+00,0.000000000000000000e+00,0.000000000000000000e+00,0.000000000000000000e+00,0.000000000000000000e+00,0.000000000000000000e+00,0.000000000000000000e+00,0.000000000000000000e+00,0.000000000000000000e+00,0.000000000000000000e+00
-2.279941640301821892e-01,-1.464119689740386587e-01,-5.867315069279924189e-02,0.000000000000000000e+00,-1.078247569373267344e-02,0.000000000000000000e+00,0.000000000000000000e+00,0.000000000000000000e+00,0.000000000000000000e+00,0.000000000000000000e+00,0.000000000000000000e+00,0.000000000000000000e+00,0.000000000000000000e+00,0.000000000000000000e+00,0.000000000000000000e+00,0.000000000000000000e+00
-2.284097241519454924e-01,-1.534709390549565955e-01,-6.013435000056385760e-02,3.528864667260079701e-03,0.000000000000000000e+00,0.000000000000000000e+00,0.000000000000000000e+00,0.000000000000000000e+00,0.000000000000000000e+00,0.000000000000000000e+00,0.000000000000000000e+00,0.000000000000000000e+00,0.000000000000000000e+00,0.000000000000000000e+00,0.000000000000000000e+00,0.000000000000000000e+00
-2.397563821574996978e-01,-1.413338616053609054e-01,-5.211306293112603211e-02,7.299313169276181595e-03,0.000000000000000000e+00,0.000000000000000000e+00,0.000000000000000000e+00,0.000000000000000000e+00,0.000000000000000000e+00,0.000000000000000000e+00,0.000000000000000000e+00,0.000000000000000000e+00,0.000000000000000000e+00,0.000000000000000000e+00,0.000000000000000000e+00,0.000000000000000000e+00
-2.315365524744979753e-01,-1.384291084686521955e-01,-6.291143657976609738e-02,0.000000000000000000e+00,0.000000000000000000e+00,0.000000000000000000e+00,0.000000000000000000e+00,0.000000000000000000e+00,0.000000000000000000e+00,-1.262447816196010306e-02,0.000000000000000000e+00,0.000000000000000000e+00,0.000000000000000000e+00,0.000000000000000000e+00,0.000000000000000000e+00,0.000000000000000000e+00
-2.318910266050118185e-01,-1.402228877079358116e-01,-7.092341370063726114e-02,0.000000000000000000e+00,0.000000000000000000e+00,2.119369362103205867e-02,0.000000000000000000e+00,0.000000000000000000e+00,0.000000000000000000e+00,0.000000000000000000e+00,0.000000000000000000e+00,0.000000000000000000e+00,0.000000000000000000e+00,0.000000000000000000e+00,0.000000000000000000e+00,0.000000000000000000e+00
0.000000000000000000e+00,0.000000000000000000e+00,-6.629474808335499014e-02,9.734589976535663186e-03,0.000000000000000000e+00,0.000000000000000000e+00,1.944399289807950126e-01,1.717606120716528850e-01,0.000000000000000000e+00,0.000000000000000000e+00,0.000000000000000000e+00,0.000000000000000000e+00,0.000000000000000000e+00,0.000000000000000000e+00,0.000000000000000000e+00,0.000000000000000000e+00
0.000000000000000000e+00,0.000000000000000000e+00,-5.909478877639764982e-02,2.277085753294414566e-02,0.000000000000000000e+00,0.000000000000000000e+00,2.016014688634080732e-01,1.626711887617028895e-01,0.000000000000000000e+00,0.000000000000000000e+00,0.000000000000000000e+00,0.000000000000000000e+00,0.000000000000000000e+00,0.000000000000000000e+00,0.000000000000000000e+00,0.000000000000000000e+00
-2.308801761310862455e-01,-1.365471435284654478e-01,-6.256380167100376866e-02,0.000000000000000000e+00,-1.724242731229819539e-02,0.000000000000000000e+00,0.000000000000000000e+00,0.000000000000000000e+00,0.000000000000000000e+00,0.000000000000000000e+00,0.000000000000000000e+00,0.000000000000000000e+00,0.000000000000000000e+00,0.000000000000000000e+00,0.000000000000000000e+00,0.000000000000000000e+00
0.000000000000000000e+00,-1.358231656645421392e-01,-7.050786756793284149e-02,-8.610114823424171605e-04,0.000000000000000000e+00,0.000000000000000000e+00,0.000000000000000000e+00,1.826165726432984193e-01,0.000000000000000000e+00,0.000000000000000000e+00,0.000000000000000000e+00,0.000000000000000000e+00,0.000000000000000000e+00,0.000000000000000000e+00,0.000000000000000000e+00,0.000000000000000000e+00
-2.183443580659155947e-01,-1.420401600437164180e-01,-5.294475923323156002e-02,0.000000000000000000e+00,0.000000000000000000e+00,1.806052235734083994e-02,0.000000000000000000e+00,0.000000000000000000e+00,0.000000000000000000e+00,0.000000000000000000e+00,0.000000000000000000e+00,0.000000000000000000e+00,0.000000000000000000e+00,0.000000000000000000e+00,0.000000000000000000e+00,0.000000000000000000e+00
-2.264854133104968470e-01,-1.363353912486500730e-01,0.000000000000000000e+00,-3.527060362822796811e-03,0.000000000000000000e+00,0.000000000000000000e+00,0.000000000000000000e+00,0.000000000000000000e+00,4.691440987017318764e-02,0.000000000000000000e+00,0.000000000000000000e+00,0.000000000000000000e+00,0.000000000000000000e+00,0.000000000000000000e+00,0.000000000000000000e+00,0.000000000000000000e+00
-2.238755434214865225e-01,-1.444451310985058190e-01,-6.356112859769462442e-02,0.000000000000000000e+00,0.000000000000000000e+00,1.818659746853827294e-02,0.000000000000000000e+00,0.000000000000000000e+00,0.000000000000000000e+00,0.000000000000000000e+00,0.000000000000000000e+00,0.000000000000000000e+00,0.000000000000000000e+00,0.000000000000000000e+00,0.000000000000000000e+00,0.000000000000000000e+00
0.000000000000000000e+00,0.000000000000000000e+00,0.000000000000000000e+00,0.000000000000000000e+00,0.000000000000000000e+00,3.215745996287917158e-02,0.000000000000000000e+00,0.000000000000000000e+00,0.000000000000000000e+00,0.000000000000000000e+00,1.996605612721219225e-01,1.876397993671020947e-01,8.501794023041655190e-04,0.000000000000000000e+00,0.000000000000000000e+00,0.000000000000000000e+00
0.000000000000000000e+00,0.000000000000000000e+00,0.000000000000000000e+00,0.000000000000000000e+00,0.000000000000000000e+00,2.169007215699145577e-02,0.000000000000000000e+00,0.000000000000000000e+00,0.000000000000000000e+00,0.000000000000000000e+00,1.777382588776269534e-01,1.915032938801657092e-01,0.000000000000000000e+00,1.723805104741416364e-02,0.000000000000000000e+00,0.000000000000000000e+00
0.000000000000000000e+00,0.000000000000000000e+00,0.000000000000000000e+00,0.000000000000000000e+00,0.000000000000000000e+00,2.062396009483920614e-02,0.000000000000000000e+00,0.000000000000000000e+00,0.000000000000000000e+00,0.000000000000000000e+00,1.872253812995516020e-01,1.994835878358595938e-01,-9.368659923447182972e-03,0.000000000000000000e+00,0.000000000000000000e+00,0.000000000000000000e+00
0.000000000000000000e+00,0.000000000000000000e+00,0.000000000000000000e+00,0.000000000000000000e+00,0.000000000000000000e+00,0.000000000000000000e+00,1.995546842713232238e-01,1.796646464696162737e-01,4.494553096220046950e-02,-6.333078139889212858e-03,0.000000000000000000e+00,0.000000000000000000e+00,0.000000000000000000e+00,0.000000000000000000e+00,0.000000000000000000e+00,0.000000000000000000e+00
0.000000000000000000e+00,0.000000000000000000e+00,0.000000000000000000e+00,0.000000000000000000e+00,0.000000000000000000e+00,0.000000000000000000e+00,0.000000000000000000e+00,0.000000000000000000e+00,0.000000000000000000e+00,-1.761720425180080332e-02,1.936722999666623257e-01,1.812427144176177174e-01,-3.859008967738462642e-04,0.000000000000000000e+00,0.000000000000000000e+00,0.000000000000000000e+00
0.000000000000000000e+00,0.000000000000000000e+00,0.000000000000000000e+00,0.000000000000000000e+00,0.000000000000000000e+00,0.000000000000000000e+00,1.961954007445430304e-01,0.000000000000000000e+00,4.115918594076233006e-02,-1.747334606424288950e-02,0.000000000000000000e+00,1.924897049319631015e-01,0.000000000000000000e+00,0.000000000000000000e+00,0.000000000000000000e+00,0.000000000000000000e+00
0.000000000000000000e+00,0.000000000000000000e+00,0.000000000000000000e+00,0.000000000000000000e+00,0.000000000000000000e+00,1.579466816562978201e-02,0.000000000000000000e+00,0.000000000000000000e+00,0.000000000000000000e+00,0.000000000000000000e+00,1.796410749705572574e-01,1.833016904739715180e-01,0.000000000000000000e+00,3.108613484063791482e-02,0.000000000000000000e+00,0.000000000000000000e+00
0.000000000000000000e+00,0.000000000000000000e+00,-5.700985879790575195e-02,0.000000000000000000e+00,0.000000000000000000e+00,0.000000000000000000e+00,1.965702070899791321e-01,1.720529659895866370e-01,0.000000000000000000e+00,-7.124978292478648632e-03,0.000000000000000000e+00,0.000000000000000000e+00,0.000000000000000000e+00,0.000000000000000000e+00,0.000000000000000000e+00,0.000000000000000000e+00
0.000000000000000000e+00,0.000000000000000000e+00,0.000000000000000000e+00,0.000000000000000000e+00,-1.182798497069748045e-02,0.000000000000000000e+00,1.998877814465224168e-01,0.000000000000000000e+00,0.000000000000000000e+00,0.000000000000000000e+00,0.000000000000000000e+00,1.872230259372901773e-01,-6.364563036674749340e-03,0.000000000000000000e+00,0.000000000000000000e+00,0.000000000000000000e+00
0.000000000000000000e+00,0.000000000000000000e+00,0.000000000000000000e+00,0.000000000000000000e+00,0.000000000000000000e+00,0.000000000000000000e+00,0.000000000000000000e+00,1.611456382293297851e-01,4.892330514213262538e-02,-1.064949160325510784e-02,1.684994375449633541e-01,0.000000000000000000e+00,0.000000000000000000e+00,0.000000000000000000e+00,0.000000000000000000e+00,0.000000000000000000e+00
0.000000000000000000e+00,0.000000000000000000e+00,-5.507334377169862544e-02,0.000000000000000000e+00,0.000000000000000000e+00,0.000000000000000000e+00,2.053513811161637448e-01,1.862287887030377176e-01,0.000000000000000000e+00,-6.384188277948868624e-03,0.000000000000000000e+00,0.000000000000000000e+00,0.000000000000000000e+00,0.000000000000000000e+00,0.000000000000000000e+00,0.000000000000000000e+00
0.000000000000000000e+00,0.000000000000000000e+00,0.000000000000000000e+00,0.000000000000000000e+00,-1.949694136924722335e-02,0.000000000000000000e+00,0.000000000000000000e+00,1.843180596363352963e-01,0.000000000000000000e+00,0.000000000000000000e+00,1.909675819938066454e-01,0.000000000000000000e+00,0.000000000000000000e+00,1.663109455732412340e-02,0.000000000000000000e+00,0.000000000000000000e+00
0.000000000000000000e+00,0.000000000000000000e+00,0.000000000000000000e+00,0.000000000000000000e+00,0.000000000000000000e+00,0.000000000000000000e+00,1.869334952933913996e-01,1.776795317034810251e-01,0.000000000000000000e+00,4.809631437225942927e-03,0.000000000000000000e+00,0.000000000000000000e+00,0.000000000000000000e+00,2.132398082094109915e-02,0.000000000000000000e+00,0.000000000000000000e+00
0.000000000000000000e+00,0.000000000000000000e+00,0.000000000000000000e+00,0.000000000000000000e+00,-1.550291229333817036e-02,0.000000000000000000e+00,0.000000000000000000e+00,0.000000000000000000e+00,0.000000000000000000e+00,0.000000000000000000e+00,1.780583942141944764e-01,1.816200556085846018e-01,0.000000000000000000e+00,1.036329590405591153e-02,0.000000000000000000e+00,0.000000000000000000e+00
0.000000000000000000e+00,0.000000000000000000e+00,0.000000000000000000e+00,0.000000000000000000e+00,-9.458692637752199456e-03,0.000000000000000000e+00,2.079203652884896170e-01,1.803054800652432177e-01,5.154010799636103701e-02,0.000000000000000000e+00,0.000000000000000000e+00,0.000000000000000000e+00,0.000000000000000000e+00,0.000000000000000000e+00,0.000000000000000000e+00,0.000000000000000000e+00
0.000000000000000000e+00,0.000000000000000000e+00,0.000000000000000000e+00,0.000000000000000000e+00,0.000000000000000000e+00,1.212869419183150096e-02,0.000000000000000000e+00,1.848758798915151602e-01,0.000000000000000000e+00,0.000000000000000000e+00,1.802555437659283943e-01,0.000000000000000000e+00,6.635683364142560582e-03,0.000000000000000000e+00,0.000000000000000000e+00,0.000000000000000000e+00
0.000000000000000000e+00,0.000000000000000000e+00,0.000000000000000000e+00,0.000000000000000000e+00,-1.781005357501357425e-02,0.000000000000000000e+00,0.000000000000000000e+00,0.000000000000000000e+00,6.660757705582336097e-02,0.000000000000000000e+00,1.812187270152912089e-01,1.927604630784336415e-01,0.000000000000000000e+00,0.000000000000000000e+00,0.000000000000000000e+00,0.000000000000000000e+00
0.000000000000000000e+00,0.000000000000000000e+00,0.000000000000000000e+00,0.000000000000000000e+00,0.000000000000000000e+00,0.000000000000000000e+00,1.952685159727888253e-01,1.655415105468148462e-01,4.985574406224470290e-02,-1.482800785602910593e-02,0.000000000000000000e+00,0.000000000000000000e+00,0.000000000000000000e+00,0.000000000000000000e+00,0.000000000000000000e+00,0.000000000000000000e+00
0.000000000000000000e+00,0.000000000000000000e+00,0.000000000000000000e+00,0.000000000000000000e+00,0.000000000000000000e+00,0.000000000000000000e+00,0.000000000000000000e+00,0.000000000000000000e+00,0.000000000000000000e+00,-1.911950976428390334e-02,1.938523965479564681e-01,1.956378595230653106e-01,0.000000000000000000e+00,1.359633422839756980e-02,0.000000000000000000e+00,0.000000000000000000e+00
0.000000000000000000e+00,0.000000000000000000e+00,0.000000000000000000e+00,0.000000000000000000e+00,0.000000000000000000e+00,0.000000000000000000e+00,1.962774718049708766e-01,1.758811255021406061e-01,4.663718823073693953e-02,-2.854911651767480865e-02,0.000000000000000000e+00,0.000000000000000000e+00,0.000000000000000000e+00,0.000000000000000000e+00,0.000000000000000000e+00,0.000000000000000000e+00
0.000000000000000000e+00,0.000000000000000000e+00,0.000000000000000000e+00,0.000000000000000000e+00,0.000000000000000000e+00,1.653412323175382226e-02,0.000000000000000000e+00,0.000000000000000000e+00,0.000000000000000000e+00,0.000000000000000000e+00,1.992518494290033970e-01,1.911262651674750790e-01,0.000000000000000000e+00,9.700308137621793669e-03,0.000000000000000000e+00,0.000000000000000000e+00
0.000000000000000000e+00,0.000000000000000000e+00,0.000000000000000000e+00,0.000000000000000000e+00,0.000000000000000000e+00,0.000000000000000000e+00,2.053948132833764983e-01,1.886566059092497083e-01,0.000000000000000000e+00,-1.468786582499323999e-02,0.000000000000000000e+00,0.000000000000000000e+00,0.000000000000000000e+00,1.671001011341135059e-02,0.000000000000000000e+00,0.000000000000000000e+00
0.000000000000000000e+00,0.000000000000000000e+00,0.000000000000000000e+00,0.000000000000000000e+00,0.000000000000000000e+00,0.000000000000000000e+00,0.000000000000000000e+00,0.000000000000000000e+00,0.000000000000000000e+00,-7.847228412863709729e-03,1.847167964382713523e-01,1.763010025399517899e-01,0.000000000000000000e+00,1.280149935152672877e-02,0.000000000000000000e+00,0.000000000000000000e+00
0.000000000000000000e+00,0.000000000000000000e+00,0.000000000000000000e+00,0.000000000000000000e+00,0.000000000000000000e+00,0.000000000000000000e+00,1.997774969302385795e-01,0.000000000000000000e+00,0.000000000000000000e+00,-2.207977279659768810e-02,0.000000000000000000e+00,1.972214053976068804e-01,0.000000000000000000e+00,2.222772815886297701e-02,0.000000000000000000e+00,0.000000000000000000e+00
0.000000000000000000e+00,0.000000000000000000e+00,0.000000000000000000e+00,0.000000000000000000e+00,-1.662676660048590174e-02,0.000000000000000000e+00,2.005280085595356754e-01,1.861219645144351065e-01,0.000000000000000000e+00,0.000000000000000000e+00,0.000000000000000000e+00,0.000000000000000000e+00,0.000000000000000000e+00,1.595317933342273869e-02,0.000000000000000000e+00,0.000000000000000000e+00
0.000000000000000000e+00,0.000000000000000000e+00,0.000000000000000000e+00,0.000000000000000000e+00,-6.419089685480792139e-03,0.000000000000000000e+00,0.000000000000000000e+00,1.841832550088839116e-01,0.000000000000000000e+00,0.000000000000000000e+00,1.918838427936516156e-01,0.000000000000000000e+00,7.180966904595963672e-03,0.000000000000000000e+00,0.000000000000000000e+00,0.000000000000000000e+00
0.000000000000000000e+00,0.000000000000000000e+00,0.000000000000000000e+00,0.000000000000000000e+00,0.000000000000000000e+00,0.000000000000000000e+00,0.000000000000000000e+00,0.000000000000000000e+00,0.000000000000000000e+00,-1.621828471572975272e-02,1.766176725401286118e-01,1.827118040606566240e-01,-6.987014840064195882e-03,0.000000000000000000e+00,0.000000000000000000e+00,0.000000000000000000e+00
0.000000000000000000e+00,0.000000000000000000e+00,0.000000000000000000e+00,0.000000000000000000e+00,-4.538777874840894087e-03,0.000000000000000000e+00,0.000000000000000000e+00,0.000000000000000000e+00,0.000000000000000000e+00,0.000000000000000000e+00,1.832458534486606783e-01,1.837131314349998712e-01,7.336348112509081393e-03,0.000000000000000000e+00,0.000000000000000000e+00,0.000000000000000000e+00
0.000000000000000000e+00,0.000000000000000000e+00,0.000000000000000000e+00,0.000000000000000000e+00,-1.894339849144830237e-02,0.000000000000000000e+00,0.000000000000000000e+00,0.000000000000000000e+00,0.000000000000000000e+00,0.000000000000000000e+00,1.794755181598493288e-01,1.674887763612461222e-01,0.000000000000000000e+00,2.946978134836608296e-03,0.000000000000000000e+00,0.000000000000000000e+00
0.000000000000000000e+00,0.000000000000000000e+00,0.000000000000000000e+00,0.000000000000000000e+00,0.000000000000000000e+00,0.000000000000000000e+00,2.010469125936329982e-01,1.837394798515407102e-01,3.770637218347991371e-02,-1.164366737441590270e-02,0.000000000000000000e+00,0.000000000000000000e+00,0.000000000000000000e+00,0.000000000000000000e+00,0.000000000000000000e+00,0.000000000000000000e+00
0.000000000000000000e+00,0.000000000000000000e+00,0.000000000000000000e+00,0.000000000000000000e+00,0.000000000000000000e+00,0.000000000000000000e+00,2.027659533888135912e-01,1.706692967668838878e-01,5.539610083755521636e-02,-1.471419636124102204e-02,0.000000000000000000e+00,0.000000000000000000e+00,0.000000000000000000e+00,0.000000000000000000e+00,0.000000000000000000e+00,0.000000000000000000e+00
0.000000000000000000e+00,0.000000000000000000e+00,0.000000000000000000e+00,0.000000000000000000e+00,0.000000000000000000e+00,0.000000000000000000e+00,1.763112823481494396e-01,1.726768808034711000e-01,4.639235529486222809e-02,-2.872521144804788054e-02,0.000000000000000000e+00,0.000000000000000000e+00,0.000000000000000000e+00,0.000000000000000000e+00,0.000000000000000000e+00,0.000000000000000000e+00
0.000000000000000000e+00,0.000000000000000000e+00,0.000000000000000000e+00,0.000000000000000000e+00,0.000000000000000000e+00,0.000000000000000000e+00,2.061071806023695996e-01,1.691998964680967443e-01,5.024924917475218078e-02,-1.219657491528358846e-02,0.000000000000000000e+00,0.000000000000000000e+00,0.000000000000000000e+00,0.000000000000000000e+00,0.000000000000000000e+00,0.000000000000000000e+00
0.000000000000000000e+00,0.000000000000000000e+00,0.000000000000000000e+00,0.000000000000000000e+00,0.000000000000000000e+00,0.000000000000000000e+00,0.000000000000000000e+00,0.000000000000000000e+00,0.000000000000000000e+00,-1.404534181505079013e-02,1.882874527822026300e-01,1.751016343687513410e-01,0.000000000000000000e+00,2.282463075665481719e-02,0.000000000000000000e+00,0.000000000000000000e+00
0.000000000000000000e+00,0.000000000000000000e+00,0.000000000000000000e+00,0.000000000000000000e+00,-1.385539022565793893e-02,0.000000000000000000e+00,0.000000000000000000e+00,0.000000000000000000e+00,5.286364387121825215e-02,0.000000000000000000e+00,1.724243698011396764e-01,1.979607539842308250e-01,0.000000000000000000e+00,0.000000000000000000e+00,0.000000000000000000e+00,0.000000000000000000e+00
0.000000000000000000e+00,0.000000000000000000e+00,0.000000000000000000e+00,1.389233581476789943e-02,0.000000000000000000e+00,0.000000000000000000e+00,0.000000000000000000e+00,0.000000000000000000e+00,0.000000000000000000e+00,0.000000000000000000e+00,1.906596878568636300e-01,1.924038190915880464e-01,0.000000000000000000e+00,4.714624845109949627e-03,0.000000000000000000e+00,0.000000000000000000e+00
0.000000000000000000e+00,0.000000000000000000e+00,0.000000000000000000e+00,0.000000000000000000e+00,0.000000000000000000e+00,1.263876712213482696e-02,0.000000000000000000e+00,0.000000000000000000e+00,0.000000000000000000e+00,0.000000000000000000e+00,1.631603133552244622e-01,1.861719266033786402e-01,-1.224350397200608259e-03,0.000000000000000000e+00,0.000000000000000000e+00,0.000000000000000000e+00
0.000000000000000000e+00,0.000000000000000000e+00,0.000000000000000000e+00,0.000000000000000000e+00,0.000000000000000000e+00,0.000000000000000000e+00,2.072998693282958049e-01,1.818624601799790352e-01,0.000000000000000000e+00,-3.408895921179964233e-03,0.000000000000000000e+00,0.000000000000000000e+00,0.000000000000000000e+00,2.124495167465210652e-02,0.000000000000000000e+00,0.000000000000000000e+00
0.000000000000000000e+00,0.000000000000000000e+00,0.000000000000000000e+00,0.000000000000000000e+00,-7.247250495642372850e-03,0.000000000000000000e+00,1.975552876209983599e-01,1.673084897600711218e-01,5.481091032838433103e-02,0.000000000000000000e+00,0.000000000000000000e+00,0.000000000000000000e+00,0.000000000000000000e+00,0.000000000000000000e+00,0.000000000000000000e+00,0.000000000000000000e+00
0.000000000000000000e+00,0.000000000000000000e+00,0.000000000000000000e+00,0.000000000000000000e+00,0.000000000000000000e+00,0.000000000000000000e+00,1.921226677417331163e-01,1.837150470885382803e-01,5.978017071171600610e-02,-9.163950598861228536e-03,0.000000000000000000e+00,0.000000000000000000e+00,0.000000000000000000e+00,0.000000000000000000e+00,0.000000000000000000e+00,0.000000000000000000e+00
0.000000000000000000e+00,0.000000000000000000e+00,0.000000000000000000e+00,0.000000000000000000e+00,0.000000000000000000e+00,0.000000000000000000e+00,2.071641200534026783e-01,1.698590521234645268e-01,4.675974575717103954e-02,-7.234862835820666908e-03,0.000000000000000000e+00,0.000000000000000000e+00,0.000000000000000000e+00,0.000000000000000000e+00,0.000000000000000000e+00,0.000000000000000000e+00
0.000000000000000000e+00,0.000000000000000000e+00,0.000000000000000000e+00,0.000000000000000000e+00,-2.626898123148977901e-03,0.000000000000000000e+00,0.000000000000000000e+00,0.000000000000000000e+00,0.000000000000000000e+00,0.000000000000000000e+00,1.809050029092882927e-01,1.958525784893449251e-01,0.000000000000000000e+00,2.182879715205156973e-02,0.000000000000000000e+00,0.000000000000000000e+00
0.000000000000000000e+00,0.000000000000000000e+00,0.000000000000000000e+00,0.000000000000000000e+00,0.000000000000000000e+00,0.000000000000000000e+00,2.076485624552482923e-01,1.668558319453786742e-01,3.964478324134428078e-02,-1.092693238512811200e-02,0.000000000000000000e+00,0.000000000000000000e+00,0.000000000000000000e+00,0.000000000000000000e+00,0.000000000000000000e+00,0.000000000000000000e+00
0.000000000000000000e+00,0.000000000000000000e+00,-7.359142550234705482e-02,0.000000000000000000e+00,0.000000000000000000e+00,0.000000000000000000e+00,1.951198468385451912e-01,1.774852661491647943e-01,0.000000000000000000e+00,-2.384815866150298211e-02,0.000000000000000000e+00,0.000000000000000000e+00,0.000000000000000000e+00,0.000000000000000000e+00,0.000000000000000000e+00,0.000000000000000000e+00
0.000000000000000000e+00,0.000000000000000000e+00,0.000000000000000000e+00,0.000000000000000000e+00,0.000000000000000000e+00,0.000000000000000000e+00,1.883227324579633821e-01,1.842680297364108211e-01,5.898365712971943148e-02,-2.013972914570189357e-02,0.000000000000000000e+00,0.000000000000000000e+00,0.000000000000000000e+00,0.000000000000000000e+00,0.000000000000000000e+00,0.000000000000000000e+00
0.000000000000000000e+00,0.000000000000000000e+00,0.000000000000000000e+00,0.000000000000000000e+00,-1.450889159347822782e-02,0.000000000000000000e+00,1.872260008803566522e-01,1.802265718833948316e-01,4.939188487173134384e-02,0.000000000000000000e+00,0.000000000000000000e+00,0.000000000000000000e+00,0.000000000000000000e+00,0.000000000000000000e+00,0.000000000000000000e+00,0.000000000000000000e+00
0.000000000000000000e+00,0.000000000000000000e+00,0.000000000000000000e+00,0.000000000000000000e+00,-7.123840611765187326e-03,0.000000000000000000e+00,2.017844728634231033e-01,1.785560771787283452e-01,4.198515723046671033e-02,0.000000000000000000e+00,0.000000000000000000e+00,0.000000000000000000e+00,0.000000000000000000e+00,0.000000000000000000e+00,0.000000000000000000e+00,0.000000000000000000e+00
0.000000000000000000e+00,0.000000000000000000e+00,0.000000000000000000e+00,0.000000000000000000e+00,1.472261682718740364e-03,0.000000000000000000e+00,2.029932388635037055e-01,1.843238342306784128e-01,0.000000000000000000e+00,0.000000000000000000e+00,0.000000000000000000e+00,0.000000000000000000e+00,0.000000000000000000e+00,2.610353310070498770e-02,0.000000000000000000e+00,0.000000000000000000e+00
0.000000000000000000e+00,0.000000000000000000e+00,-6.515142069169486960e-02,0.000000000000000000e+00,0.000000000000000000e+00,0.000000000000000000e+00,1.995905930236552828e-01,1.754655076356062271e-01,0.000000000000000000e+00,-1.744370243592624492e-02,0.000000000000000000e+00,0.000000000000000000e+00,0.000000000000000000e+00,0.000000000000000000e+00,0.000000000000000000e+00,0.000000000000000000e+00
0.000000000000000000e+00,0.000000000000000000e+00,0.000000000000000000e+00,0.000000000000000000e+00,0.000000000000000000e+00,0.000000000000000000e+00,2.014669688639511291e-01,1.698486252520397533e-01,4.660913326248099231e-02,-2.875603275158335539e-02,0.000000000000000000e+00,0.000000000000000000e+00,0.000000000000000000e+00,0.000000000000000000e+00,0.000000000000000000e+00,0.000000000000000000e+00
0.000000000000000000e+00,0.000000000000000000e+00,0.000000000000000000e+00,0.000000000000000000e+00,0.000000000000000000e+00,1.799289776305069283e-02,0.000000000000000000e+00,0.000000000000000000e+00,0.000000000000000000e+00,0.000000000000000000e+00,0.000000000000000000e+00,0.000000000000000000e+00,0.000000000000000000e+00,-1.002148632880985567e-02,-2.383243960320836075e-01,-1.745917127393577239e-01
0.000000000000000000e+00,0.000000000000000000e+00,0.000000000000000000e+00,0.000000000000000000e+00,0.000000000000000000e+00,0.000000000000000000e+00,0.000000000000000000e+00,0.000000000000000000e+00,5.961325362149170332e-02,-1.358100426992954989e-02,0.000000000000000000e+00,1.862336800001956061e-01,0.000000000000000000e+00,0.000000000000000000e+00,-2.435823309745170084e-01,0.000000000000000000e+00
0.000000000000000000e+00,0.000000000000000000e+00,0.000000000000000000e+00,0.000000000000000000e+00,-1.839636120427369861e-02,0.000000000000000000e+00,0.000000000000000000e+00,0.000000000000000000e+00,0.000000000000000000e+00,0.000000000000000000e+00,0.000000000000000000e+00,0.000000000000000000e+00,-1.241977466801006021e-02,0.000000000000000000e+00,-2.475001886322259759e-01,-1.892417147747952055e-01
0.000000000000000000e+00,0.000000000000000000e+00,0.000000000000000000e+00,0.000000000000000000e+00,1.912565508809248391e-03,0.000000000000000000e+00,0.000000000000000000e+00,0.000000000000000000e+00,0.000000000000000000e+00,0.000000000000000000e+00,1.867541461565056238e-01,0.000000000000000000e+00,0.000000000000000000e+00,2.548027364991551844e-02,0.000000000000000000e+00,-1.798520789811559051e-01
0.000000000000000000e+00,0.000000000000000000e+00,0.000000000000000000e+00,0.000000000000000000e+00,-1.689193835320180678e-02,0.000000000000000000e+00,0.000000000000000000e+00,0.000000000000000000e+00,0.000000000000000000e+00,0.000000000000000000e+00,0.000000000000000000e+00,0.000000000000000000e+00,-1.305780526804541618e-02,0.000000000000000000e+00,-2.321125636011725502e-01,-1.764388751331639471e-01
0.000000000000000000e+00,0.000000000000000000e+00,0.000000000000000000e+00,0.000000000000000000e+00,-1.910818006948650574e-02,0.000000000000000000e+00,0.000000000000000000e+00,0.000000000000000000e+00,0.000000000000000000e+00,0.000000000000000000e+00,0.000000000000000000e+00,0.000000000000000000e+00,-2.006348621895693088e-02,0.000000000000000000e+00,-2.359819198750806590e-01,-1.800362650385614049e-01
0.000000000000000000e+00,0.000000000000000000e+00,-6.170507345095215673e-02,0.000000000000000000e+00,0.000000000000000000e+00,0.000000000000000000e+00,0.000000000000000000e+00,0.000000000000000000e+00,0.000000000000000000e+00,-2.254488133718229523e-02,1.753171720511813303e-01,1.858990019608121047e-01,0.000000000000000000e+00,0.000000000000000000e+00,0.000000000000000000e+00,0.000000000000000000e+00
0.000000000000000000e+00,0.000000000000000000e+00,0.000000000000000000e+00,0.000000000000000000e+00,-5.205178655809802706e-03,0.000000000000000000e+00,0.000000000000000000e+00,0.000000000000000000e+00,0.000000000000000000e+00,0.000000000000000000e+00,1.897710806701523867e-01,0.000000000000000000e+00,-1.274794397756856892e-02,0.000000000000000000e+00,0.000000000000000000e+00,-1.810197512266480957e-01
0.000000000000000000e+00,0.000000000000000000e+00,0.000000000000000000e+00,0.000000000000000000e+00,0.000000000000000000e+00,0.000000000000000000e+00,0.000000000000000000e+00,0.000000000000000000e+00,0.000000000000000000e+00,-1.369816820260075403e-02,1.852116990749526071e-01,0.000000000000000000e+00,-1.472550553709621284e-02,0.000000000000000000e+00,0.000000000000000000e+00,-1.827780448969247018e-01
0.000000000000000000e+00,0.000000000000000000e+00,0.000000000000000000e+00,2.097150101904971670e-02,0.000000000000000000e+00,0.000000000000000000e+00,0.000000000000000000e+00,0.000000000000000000e+00,0.000000000000000000e+00,0.000000000000000000e+00,0.000000000000000000e+00,0.000000000000000000e+00,-5.535065109742571404e-03,0.000000000000000000e+00,-2.322566914574466512e-01,-1.756773856242339893e-01
0.000000000000000000e+00,0.000000000000000000e+00,0.000000000000000000e+00,0.000000000000000000e+00,0.000000000000000000e+00,2.798288335632346732e-02,0.000000000000000000e+00,0.000000000000000000e+00,0.000000000000000000e+00,0.000000000000000000e+00,0.000000000000000000e+00,1.806517198413764846e-01,-4.338248850927094689e-03,0.000000000000000000e+00,-2.414185536852948288e-01,0.000000000000000000e+00
0.000000000000000000e+00,0.000000000000000000e+00,0.000000000000000000e+00,0.000000000000000000e+00,0.000000000000000000e+00,0.000000000000000000e+00,0.000000000000000000e+00,0.000000000000000000e+00,0.000000000000000000e+00,-7.306047511646996881e-03,0.000000000000000000e+00,0.000000000000000000e+00,0.000000000000000000e+00,1.258542475276993103e-02,-2.410941716626669729e-01,-1.779246489144792609e-01
0.000000000000000000e+00,0.000000000000000000e+00,0.000000000000000000e+00,0.000000000000000000e+00,-1.753127765882233008e-03,0.000000000000000000e+00,0.000000000000000000e+00,0.000000000000000000e+00,0.000000000000000000e+00,0.000000000000000000e+00,0.000000000000000000e+00,0.000000000000000000e+00,-2.659850626600734468e-03,0.000000000000000000e+00,-2.409592409633608823e-01,-1.743492364764509805e-01
0.000000000000000000e+00,0.000000000000000000e+00,0.000000000000000000e+00,0.000000000000000000e+00,0.000000000000000000e+00,0.000000000000000000e+00,0.000000000000000000e+00,0.000000000000000000e+00,6.647861611424960016e-02,-2.191429992402164559e-02,0.000000000000000000e+00,1.841528947418886453e-01,0.000000000000000000e+00,0.000000000000000000e+00,-2.411858071607163034e-01,0.000000000000000000e+00
0.000000000000000000e+00,0.000000000000000000e+00,0.000000000000000000e+00,0.000000000000000000e+00,0.000000000000000000e+00,0.000000000000000000e+00,0.000000000000000000e+00,0.000000000000000000e+00,5.234612021967652989e-02,-3.208220397512803745e-02,0.000000000000000000e+00,1.762016769133961935e-01,0.000000000000000000e+00,0.000000000000000000e+00,-2.448852881363392797e-01,0.000000000000000000e+00
0.000000000000000000e+00,0.000000000000000000e+00,0.000000000000000000e+00,0.000000000000000000e+00,0.000000000000000000e+00,3.005480538184950381e-02,0.000000000000000000e+00,0.000000000000000000e+00,0.000000000000000000e+00,0.000000000000000000e+00,0.000000000000000000e+00,0.000000000000000000e+00,0.000000000000000000e+00,1.093357093588710402e-02,-2.337970363433466425e-01,-1.725971295473706646e-01
0.000000000000000000e+00,0.000000000000000000e+00,0.000000000000000000e+00,0.000000000000000000e+00,2.494589418641258993e-05,0.000000000000000000e+00,0.000000000000000000e+00,0.000000000000000000e+00,0.000000000000000000e+00,0.000000000000000000e+00,1.949508755522508241e-01,0.000000000000000000e+00,-1.124924753034870981e-02,0.000000000000000000e+00,0.000000000000000000e+00,-1.830671202714088397e-01
0.000000000000000000e+00,0.000000000000000000e+00,0.000000000000000000e+00,-3.686608613873231400e-03,0.000000000000000000e+00,0.000000000000000000e+00,0.000000000000000000e+00,0.000000000000000000e+00,0.000000000000000000e+00,0.000000000000000000e+00,0.000000000000000000e+00,0.000000000000000000e+00,-1.015936829478809693e-02,0.000000000000000000e+00,-2.354177578209270816e-01,-1.707259762610855713e-01
0.000000000000000000e+00,0.000000000000000000e+00,0.000000000000000000e+00,0.000000000000000000e+00,0.000000000000000000e+00,0.000000000000000000e+00,0.000000000000000000e+00,0.000000000000000000e+00,0.000000000000000000e+00,-1.732782587405009775e-02,0.000000000000000000e+00,0.000000000000000000e+00,-2.007555872199792008e-02,0.000000000000000000e+00,-2.341822442587707664e-01,-1.756184009612487829e-01
0.000000000000000000e+00,0.000000000000000000e+00,0.000000000000000000e+00,0.000000000000000000e+00,0.000000000000000000e+00,0.000000000000000000e+00,0.000000000000000000e+00,0.000000000000000000e+00,0.000000000000000000e+00,-1.832512590009595724e-02,1.787451375379806029e-01,1.779951589223957575e-01,0.000000000000000000e+00,1.216225135358836237e-02,0.000000000000000000e+00,0.000000000000000000e+00
0.000000000000000000e+00,0.000000000000000000e+00,0.000000000000000000e+00,0.000000000000000000e+00,0.000000000000000000e+00,1.762022165805716273e-02,0.000000000000000000e+00,0.000000000000000000e+00,0.000000000000000000e+00,0.000000000000000000e+00,0.000000000000000000e+00,0.000000000000000000e+00,-2.401999196822996938e-02,0.000000000000000000e+00,-2.411800560056464870e-01,-1.847388363904377273e-01
0.000000000000000000e+00,0.000000000000000000e+00,0.000000000000000000e+00,0.000000000000000000e+00,0.000000000000000000e+00,0.000000000000000000e+00,0.000000000000000000e+00,0.000000000000000000e+00,5.851139500864935283e-02,-1.671756392356121834e-02,0.000000000000000000e+00,1.793966472549893831e-01,0.000000000000000000e+00,0.000000000000000000e+00,-2.372880704252960382e-01,0.000000000000000000e+00
0.000000000000000000e+00,0.000000000000000000e+00,0.000000000000000000e+00,0.000000000000000000e+00,0.000000000000000000e+00,0.000000000000000000e+00,0.000000000000000000e+00,0.000000000000000000e+00,0.000000000000000000e+00,-1.724551724088555296e-02,0.000000000000000000e+00,0.000000000000000000e+00,-7.023021044921369527e-03,0.000000000000000000e+00,-2.368836659268004907e-01,-1.790037186055061236e-01
0.000000000000000000e+00,0.000000000000000000e+00,0.000000000000000000e+00,0.000000000000000000e+00,0.000000000000000000e+00,0.000000000000000000e+00,0.000000000000000000e+00,0.000000000000000000e+00,0.000000000000000000e+00,-2.045497192700927377e-02,1.828456200146782173e-01,1.875295958073128488e-01,0.000000000000000000e+00,2.496176263878357657e-02,0.000000000000000000e+00,0.000000000000000000e+00
0.000000000000000000e+00,0.000000000000000000e+00,0.000000000000000000e+00,0.000000000000000000e+00,0.000000000000000000e+00,3.118625667568286630e-02,0.000000000000000000e+00,0.000000000000000000e+00,0.000000000000000000e+00,0.000000000000000000e+00,0.000000000000000000e+00,0.000000000000000000e+00,-6.090081099607839998e-03,0.000000000000000000e+00,-2.353983920858188639e-01,-1.787972958997629536e-01
0.000000000000000000e+00,0.000000000000000000e+00,0.000000000000000000e+00,0.000000000000000000e+00,0.000000000000000000e+00,2.095693553361598419e-02,0.000000000000000000e+00,0.000000000000000000e+00,0.000000000000000000e+00,0.000000000000000000e+00,1.818001979274311286e-01,0.000000000000000000e+00,-1.389116944322644305e-03,0.000000000000000000e+00,0.000000000000000000e+00,-1.787674351689484409e-01
0.000000000000000000e+00,0.000000000000000000e+00,0.000000000000000000e+00,0.000000000000000000e+00,0.000000000000000000e+00,0.000000000000000000e+00,0.000000000000000000e+00,0.000000000000000000e+00,0.000000000000000000e+00,-2.092695777296888979e-02,1.842873759880227225e-01,1.715349499923702614e-01,0.000000000000000000e+00,1.045328149019808181e-02,0.000000000000000000e+00,0.000000000000000000e+00
0.000000000000000000e+00,0.000000000000000000e+00,0.000000000000000000e+00,0.000000000000000000e+00,-7.273229545321478924e-03,0.000000000000000000e+00,0.000000000000000000e+00,0.000000000000000000e+00,0.000000000000000000e+00,0.000000000000000000e+00,1.888401193141746315e-01,1.794763894365512813e-01,0.000000000000000000e+00,1.327606782941510681e-02,0.000000000000000000e+00,0.000000000000000000e+00
0.000000000000000000e+00,0.000000000000000000e+00,0.000000000000000000e+00,0.000000000000000000e+00,0.000000000000000000e+00,0.000000000000000000e+00,0.000000000000000000e+00,0.000000000000000000e+00,0.000000000000000000e+00,-2.203880186234294034e-02,0.000000000000000000e+00,0.000000000000000000e+00,0.000000000000000000e+00,1.829723575575588693e-02,-2.377887353531419057e-01,-1.725499600318944893e-01
0.000000000000000000e+00,0.000000000000000000e+00,0.000000000000000000e+00,0.000000000000000000e+00,1.393825406080256499e-02,0.000000000000000000e+00,0.000000000000000000e+00,0.000000000000000000e+00,0.000000000000000000e+00,0.000000000000000000e+00,1.923394273199585114e-01,0.000000000000000000e+00,-1.525452981474275868e-02,0.000000000000000000e+00,0.000000000000000000e+00,-1.776326974821801075e-01
0.000000000000000000e+00,0.000000000000000000e+00,0.000000000000000000e+00,0.000000000000000000e+00,0.000000000000000000e+00,0.000000000000000000e+00,0.000000000000000000e+00,0.000000000000000000e+00,0.000000000000000000e+00,-1.737307115333271840e-02,0.000000000000000000e+00,0.000000000000000000e+00,-2.787722490090822382e-03,0.000000000000000000e+00,-2.427092470831216930e-01,-1.698319081886427717e-01
0.000000000000000000e+00,0.000000000000000000e+00,0.000000000000000000e+00,1.192956663318859613e-02,0.000000000000000000e+00,0.000000000000000000e+00,0.000000000000000000e+00,0.000000000000000000e+00,0.000000000000000000e+00,0.000000000000000000e+00,0.000000000000000000e+00,0.000000000000000000e+00,-6.865450833093807853e-03,0.000000000000000000e+00,-2.429947923107114716e-01,-1.872783233525504576e-01
0.000000000000000000e+00,0.000000000000000000e+00,0.000000000000000000e+00,0.000000000000000000e+00,0.000000000000000000e+00,0.000000000000000000e+00,0.000000000000000000e+00,0.000000000000000000e+00,0.000000000000000000e+00,-1.483518221902727779e-02,0.000000000000000000e+00,0.000000000000000000e+00,0.000000000000000000e+00,5.759961762408133228e-03,-2.467499346929193094e-01,-1.742530752146561335e-01
0.000000000000000000e+00,0.000000000000000000e+00,0.000000000000000000e+00,0.000000000000000000e+00,0.000000000000000000e+00,0.000000000000000000e+00,0.000000000000000000e+00,0.000000000000000000e+00,0.000000000000000000e+00,-1.777404775616376817e-02,1.898240472435741844e-01,1.861757154059989761e-01,0.000000000000000000e+00,1.277872692075330587e-02,0.000000000000000000e+00,0.000000000000000000e+00
0.000000000000000000e+00,0.000000000000000000e+00,0.000000000000000000e+00,0.000000000000000000e+00,0.000000000000000000e+00,0.000000000000000000e+00,0.000000000000000000e+00,0.000000000000000000e+00,0.000000000000000000e+00,-7.922817046113200465e-03,1.801565319871571147e-01,0.000000000000000000e+00,0.000000000000000000e+00,1.711783423310315327e-02,0.000000000000000000e+00,-1.779312745542377394e-01
0.000000000000000000e+00,0.000000000000000000e+00,0.000000000000000000e+00,0.000000000000000000e+00,-1.393708685244971976e-02,0.000000000000000000e+00,0.000000000000000000e+00,0.000000000000000000e+00,0.000000000000000000e+00,0.000000000000000000e+00,0.000000000000000000e+00,0.000000000000000000e+00,-1.640414304520129360e-02,0.000000000000000000e+00,-2.356615884481086109e-01,-1.802888903491371431e-01
0.000000000000000000e+00,0.000000000000000000e+00,0.000000000000000000e+00,5.366193343195831134e-03,0.000000000000000000e+00,0.000000000000000000e+00,0.000000000000000000e+00,0.000000000000000000e+00,0.000000000000000000e+00,0.000000000000000000e+00,0.000000000000000000e+00,0.000000000000000000e+00,0.000000000000000000e+00,6.549529845869147410e-03,-2.362312131128596893e-01,-1.785524479604302661e-01
0.000000000000000000e+00,0.000000000000000000e+00,0.000000000000000000e+00,0.000000000000000000e+00,0.000000000000000000e+00,2.830335303171967187e-02,0.000000000000000000e+00,0.000000000000000000e+00,0.000000000000000000e+00,0.000000000000000000e+00,1.909944518607811226e-01,0.000000000000000000e+00,0.000000000000000000e+00,1.389337607409950673e-02,0.000000000000000000e+00,-1.839369024616493431e-01
0.000000000000000000e+00,0.000000000000000000e+00,0.000000000000000000e+00,0.000000000000000000e+00,-1.305838661255808927e-02,0.000000000000000000e+00,0.000000000000000000e+00,0.000000000000000000e+00,0.000000000000000000e+00,0.000000000000000000e+00,1.682128870531339471e-01,1.805357098742347288e-01,0.000000000000000000e+00,-8.356390373844602842e-03,0.000000000000000000e+00,0.000000000000000000e+00
0.000000000000000000e+00,0.000000000000000000e+00,0.000000000000000000e+00,0.000000000000000000e+00,0.000000000000000000e+00,4.043752953695947672e-02,0.000000000000000000e+00,0.000000000000000000e+00,0.000000000000000000e+00,0.000000000000000000e+00,0.000000000000000000e+00,0.000000000000000000e+00,-1.271820954467206034e-02,0.000000000000000000e+00,-2.413224492202351024e-01,-1.819566286703570568e-01
0.000000000000000000e+00,0.000000000000000000e+00,0.000000000000000000e+00,0.000000000000000000e+00,0.000000000000000000e+00,1.918268400841982579e-02,0.000000000000000000e+00,0.000000000000000000e+00,0.000000000000000000e+00,0.000000000000000000e+00,0.000000000000000000e+00,0.000000000000000000e+00,-3.973575599085973561e-03,0.000000000000000000e+00,-2.369378799928173185e-01,-1.823488376039500702e-01
0.000000000000000000e+00,0.000000000000000000e+00,0.000000000000000000e+00,0.000000000000000000e+00,0.000000000000000000e+00,2.833124118706637981e-02,0.000000000000000000e+00,0.000000000000000000e+00,0.000000000000000000e+00,0.000000000000000000e+00,0.000000000000000000e+00,1.810757174856417462e-01,-4.519104769052474831e-03,0.000000000000000000e+00,-2.431977392756691225e-01,0.000000000000000000e+00
0.000000000000000000e+00,0.000000000000000000e+00,0.000000000000000000e+00,0.000000000000000000e+00,0.000000000000000000e+00,0.000000000000000000e+00,0.000000000000000000e+00,0.000000000000000000e+00,5.740283612794989943e-02,-2.004902394209633412e-02,0.000000000000000000e+00,1.760269986489610972e-01,0.000000000000000000e+00,0.000000000000000000e+00,-2.408925282012458202e-01,0.000000000000000000e+00
0.000000000000000000e+00,0.000000000000000000e+00,0.000000000000000000e+00,0.000000000000000000e+00,0.000000000000000000e+00,2.509595179642802945e-02,0.000000000000000000e+00,0.000000000000000000e+00,0.000000000000000000e+00,0.000000000000000000e+00,0.000000000000000000e+00,0.000000000000000000e+00,-9.140463509009039492e-03,0.000000000000000000e+00,-2.371939840551564871e-01,-1.841053858101775187e-01
0.000000000000000000e+00,0.000000000000000000e+00,0.000000000000000000e+00,0.000000000000000000e+00,0.000000000000000000e+00,1.808626976908936021e-02,0.000000000000000000e+00,0.000000000000000000e+00,0.000000000000000000e+00,0.000000000000000000e+00,0.000000000000000000e+00,0.000000000000000000e+00,-2.104415525176252938e-02,0.000000000000000000e+00,-2.262835399013757298e-01,-1.805521414323916218e-01
0.000000000000000000e+00,0.000000000000000000e+00,0.000000000000000000e+00,0.000000000000000000e+00,-1.714230560458990943e-02,0.000000000000000000e+00,0.000000000000000000e+00,0.000000000000000000e+00,0.000000000000000000e+00,0.000000000000000000e+00,0.000000000000000000e+00,0.000000000000000000e+00,-2.794344161211540899e-03,0.000000000000000000e+00,-2.353373669531019785e-01,-1.889236036407528074e-01
0.000000000000000000e+00,0.000000000000000000e+00,0.000000000000000000e+00,0.000000000000000000e+00,0.000000000000000000e+00,0.000000000000000000e+00,0.000000000000000000e+00,0.000000000000000000e+00,0.000000000000000000e+00,-1.912580482762804915e-02,0.000000000000000000e+00,1.694872499321251058e-01,0.000000000000000000e+00,6.936858092115739255e-03,-2.573992021141202069e-01,0.000000000000000000e+00
0.000000000000000000e+00,0.000000000000000000e+00,0.000000000000000000e+00,0.000000000000000000e+00,-7.274317801071615922e-03,0.000000000000000000e+00,0.000000000000000000e+00,0.000000000000000000e+00,0.000000000000000000e+00,0.000000000000000000e+00,0.000000000000000000e+00,0.000000000000000000e+00,-1.094365816462704831e-02,0.000000000000000000e+00,-2.422539494908041158e-01,-1.748764542216128814e-01
0.000000000000000000e+00,0.000000000000000000e+00,0.000000000000000000e+00,2.220061480979134902e-02,0.000000000000000000e+00,0.000000000000000000e+00,0.000000000000000000e+00,0.000000000000000000e+00,0.000000000000000000e+00,0.000000000000000000e+00,0.000000000000000000e+00,0.000000000000000000e+00,0.000000000000000000e+00,7.105620414959603996e-03,-2.285268997759543341e-01,-1.748425996542686545e-01
0.000000000000000000e+00,0.000000000000000000e+00,0.000000000000000000e+00,0.000000000000000000e+00,-2.532660910478318900e-02,0.000000000000000000e+00,0.000000000000000000e+00,0.000000000000000000e+00,0.000000000000000000e+00,0.000000000000000000e+00,1.848543644206055436e-01,1.961777949344045702e-01,0.000000000000000000e+00,4.783016334929036072e-03,0.000000000000000000e+00,0.000000000000000000e+00
